Time Blocks
     51029          0
     62422          0
     72422          0
     82422          0
     92422          0
    102422          0
    112422          0
    122422          0
    132422          0
    142422          0
    152422          0
    162422          0
    172422          0
    182422          0
    192422          0
    202422          0
    212422          0
    222422          0
    232422          0
    242422          0
    252422          0
    262422          0
    272422          0
    282422          0
    292422          0
    302422          0
    312422          0
    322422          0
    332422          0
    342422          0
    352422          0
    362422          0
