Time Read Write
      1342          1          0
      2478          1          0
    166167          1          0
    172425          3         28
    181363          0          0
    187274          0          0
    197002          0          0
    206219          0          0
    207219          0          1
    208219          0         68
    209219          0         69
    210219          0         68
    211219          0         67
    212220          0         66
    213220          0         66
    214220          0         66
    215220          0         69
    216220        127        133
    217220        140        108
    218220         97         74
    219227        113         88
    220254        116         89
    221275        112         86
    222297        113         87
    223321        111         86
    224342        113         87
    225362        111         86
    226386        114         88
    227409        113         87
    228431        112         86
    229452        112         86
    230476        111         86
    231497        113         87
    232519        111         85
    233541        112         86
    234562        113         87
    235588        113         87
    236609        111         85
    237630        111         85
    238653        113         87
    239675        112         86
    240698        112         86
    241719        112         86
    242743        112         87
    243767        113         87
    244790        111         85
    245812        112         87
    246836        112         86
    247856        113         87
    248880        112         87
    249899        109         84
    250921        112         86
    251945        110         85
    252970        114         88
    253992        111         86
    255011        110         85
    256032        111         85
    257050        111         86
    258075        112         86
    259094        112         86
    260118        112         86
    261135        110         84
    262156        111         86
    263178        112         86
    264201        112         86
    265223        111         86
    266242        113         87
    267265        112         86
    268289        115         88
    269313        112         86
    270334        111         85
    271355        112         87
    272375        111         86
    273399        111         85
    274420        109         85
    275439        110         85
    276466        113         87
    277487        111         86
    278508        111         86
    279532        112         86
    280556        112         86
    281579        112         86
    282605        113         87
    283629        111         85
    284647        111         86
    285684        111         86
    286708        112         86
    287731        112         87
    288754        111         86
    289776        114         87
    290798        114         88
    291820        110         85
    292840        111         86
    293858        111         86
    294875        111         86
    295900        112         86
    296923        111         85
    297943        112         86
    298964        112         86
    299986        112         86
    301009        110         85
    302033        113         86
    303056        112         86
    304077        111         86
    305098        113         87
    306120        112         87
    307143        110         85
    308167        113         87
    309189        113         87
    310208        111         85
    311231        110         85
    312255        112         86
    313279        111         85
    314306        111         86
    315327        113         87
    316347        111         85
    317368        111         86
    318391        113         87
    319410        112         86
    320432        112         86
    321458        112         87
    322482        112         87
    323506        112         86
    324529        112         86
    325550        110         85
    326574        114         88
    327594        111         85
    328617        112         86
    329640        110         85
    330664        114         87
    331688        112         86
    332712        112         85
    333733        113         87
    334755        111         86
    335776        112         86
    336798        111         86
    337817        113         87
    338838        112         86
    339860        112         86
    340880        111         86
    341905        112         86
    342928        113         87
    343949        112         86
    344982        114         88
    346003        112         86
    347023        113         87
    348049        112         87
    349071        111         85
    350090        111         85
    351113        114         87
    352132        111         85
    353155        113         87
    354177        112         86
    355201        112         85
    356224        112         86
    357242        111         86
    358266        113         87
    359289        113         87
    360306        111         86
    361329        111         86
    362354        114         87
    363370        111         86
    364392        112         86
    365412        111         85
    366433        112         87
    367464        112         86
    368486        111         86
    369507        111         85
    370531        113         87
    371552        111         85
    372572        110         85
    373595        112         86
    374618        111         85
    375639        111         86
    376660        111         86
    377679        111         86
    378703        113         87
    379722        112         87
    380743        110         85
    381762        114         87
    382785        113         87
    383808        111         86
    384830        112         86
    385852        112         86
    386873        112         86
    387895        111         85
    388914        112         86
    389951        112         87
    390971        111         85
    391993        112         86
    393017        112         86
    394035        110         84
    395065        113         87
    396086        113         87
    397109        111         86
    398131        112         86
    399155        111         86
    400177        112         86
    401198        113         87
    402217        112         86
    403238        111         85
    404260        110         85
    405286        112         86
    406307        111         85
    407326        111         86
    408349        113         86
    409369        113         87
    410391        113         87
    411412        110         85
    412437        113         87
    413459        111         86
    414483        111         86
    415504        113         87
    416525        111         85
    417546        111         85
    418568        112         87
    419589        113         86
    420612        112         86
    421633        113         86
    422654        112         86
    423678        112         86
    424700        113         87
    425727        112         87
    426746        112         86
    427769        110         85
    428791        112         87
    429815        112         86
    430837        111         85
    431861        112         87
    432883        110         85
    433907        114         88
    434930        110         85
    435953        112         86
    436974        111         86
    437995        111         86
    439020        112         86
    440044        112         86
    441066        111         86
    442091        111         86
    443117        113         87
    444141        111         85
    445161        111         86
    446181        111         85
    447201        111         85
    448221        111         86
    449246        114         87
    450265        110         85
    451287        112         86
    452311        112         86
    453336        113         87
    454361        112         86
    455383        112         86
    456410        114         88
    457428        111         85
    458452        111         85
    459475        113         87
    460501        111         85
    461524        110         85
    462548        114         87
    463573        112         86
    464595        112         86
    465619        112         86
    466642        111         85
    467668        112         86
    468689        111         86
    469714        112         86
    470736        112         86
    471757        112         86
    472780        112         87
    473804        111         86
    474824        111         85
    475847        112         86
    476867        112         86
    477891        112         86
    478912        111         85
    479933        112         86
    480957        113         87
    481976        110         85
    482999        111         86
    484021        110         85
    485041        110         84
    486066        112         87
    487089        112         86
    488112        111         86
    489131        110         85
    490156        110         85
    491177        112         86
    492199        111         86
    493221        110         85
    494241        110         85
    495263        113         87
    496288        112         86
    497314        112         86
    498334        111         85
    499356        112         86
    500379        113         87
    501404        112         86
    502424        112         87
    503446        112         86
    504467        112         86
    505493        112         86
    506515        110         85
    507541        113         87
    508562        111         86
    509582        111         86
    510606        112         86
    511629        110         85
    512651        111         85
    513673        112         87
    514698        113         87
    515720        112         87
    545164          7          5
