Time Read Write
      1342         52          0
      2478         48          0
    166167         49          0
    172425        159         99
    181363          1          2
    187274          0          1
    197002          0          2
    206219          0          2
    207219          0        126
    208219          0       4376
    209219          0       4462
    210219          0       4406
    211219          0       4329
    212220          0       4249
    213220          0       4259
    214220          0       4264
    215220          0       4443
    216220       8166       8468
    217220       8969       6803
    218220       6219       4694
    219227       7293       5553
    220254       7443       5643
    221275       7202       5459
    222297       7291       5515
    223321       7150       5446
    224342       7273       5508
    225362       7128       5412
    226386       7307       5541
    227409       7270       5527
    228431       7171       5451
    229452       7197       5445
    230476       7164       5427
    231497       7232       5490
    232519       7136       5414
    233541       7188       5449
    234562       7240       5491
    235588       7249       5496
    236609       7119       5399
    237630       7124       5404
    238653       7285       5546
    239675       7224       5464
    240698       7176       5445
    241719       7187       5470
    242743       7201       5481
    243767       7290       5522
    244790       7118       5391
    245812       7208       5492
    246836       7206       5433
    247856       7235       5518
    248880       7229       5494
    249899       7003       5322
    250921       7221       5465
    251945       7081       5375
    252970       7326       5553
    253992       7110       5419
    255011       7086       5369
    256032       7154       5404
    257050       7143       5440
    258075       7170       5440
    259094       7177       5429
    260118       7182       5457
    261135       7091       5350
    262156       7165       5471
    263178       7222       5454
    264201       7172       5440
    265223       7115       5429
    266242       7252       5493
    267265       7202       5474
    268289       7367       5561
    269313       7187       5477
    270334       7148       5408
    271355       7213       5484
    272375       7134       5424
    273399       7143       5420
    274420       7026       5347
    275439       7074       5369
    276466       7271       5522
    277487       7163       5441
    278508       7146       5413
    279532       7213       5461
    280556       7213       5465
    281579       7214       5477
    282605       7249       5518
    283629       7132       5418
    284647       7160       5429
    285684       7149       5415
    286708       7189       5418
    287731       7190       5485
    288754       7150       5432
    289776       7311       5532
    290798       7314       5546
    291820       7076       5394
    292840       7126       5424
    293858       7153       5432
    294875       7151       5421
    295900       7195       5469
    296923       7127       5395
    297943       7196       5450
    298964       7207       5464
    299986       7177       5442
    301009       7093       5409
    302033       7249       5468
    303056       7213       5472
    304077       7154       5428
    305098       7246       5496
    306120       7231       5503
    307143       7072       5381
    308167       7271       5492
    309189       7272       5518
    310208       7121       5385
    311231       7087       5405
    312255       7197       5469
    313279       7147       5399
    314306       7152       5428
    315327       7278       5515
    316347       7126       5406
    317368       7164       5431
    318391       7283       5518
    319410       7190       5426
    320432       7188       5429
    321458       7225       5498
    322482       7223       5486
    323506       7182       5452
    324529       7194       5455
    325550       7062       5362
    326574       7308       5545
    327594       7111       5406
    328617       7207       5456
    329640       7100       5392
    330664       7298       5514
    331688       7171       5449
    332712       7170       5413
    333733       7243       5503
    334755       7159       5432
    335776       7207       5443
    336798       7163       5441
    337817       7252       5498
    338838       7216       5433
    339860       7170       5452
    340880       7157       5429
    341905       7175       5443
    342928       7262       5502
    343949       7177       5434
    344982       7351       5560
    346003       7170       5424
    347023       7256       5497
    348049       7220       5483
    349071       7130       5405
    350090       7132       5412
    351113       7303       5541
    352132       7142       5413
    353155       7272       5504
    354177       7199       5454
    355201       7178       5413
    356224       7180       5464
    357242       7159       5423
    358266       7246       5493
    359289       7240       5475
    360306       7107       5420
    361329       7155       5416
    362354       7298       5521
    363370       7117       5417
    364392       7196       5445
    365412       7116       5403
    366433       7226       5495
    367464       7175       5430
    368486       7161       5427
    369507       7142       5413
    370531       7263       5503
    371552       7164       5405
    372572       7071       5405
    373595       7220       5477
    374618       7124       5407
    375639       7142       5447
    376660       7158       5416
    377679       7162       5427
    378703       7289       5506
    379722       7217       5484
    380743       7093       5373
    381762       7303       5537
    382785       7273       5490
    383808       7165       5447
    384830       7216       5465
    385852       7206       5483
    386873       7199       5441
    387895       7123       5402
    388914       7203       5456
    389951       7226       5490
    390971       7128       5387
    391993       7175       5465
    393017       7191       5461
    394035       7068       5354
    395065       7280       5514
    396086       7258       5495
    397109       7148       5416
    398131       7213       5475
    399155       7151       5421
    400177       7199       5437
    401198       7248       5498
    402217       7208       5451
    403238       7155       5410
    404260       7067       5383
    405286       7226       5478
    406307       7130       5394
    407326       7134       5423
    408349       7253       5486
    409369       7281       5512
    410391       7254       5501
    411412       7093       5389
    412437       7269       5497
    413459       7165       5425
    414483       7118       5420
    415504       7254       5496
    416525       7145       5392
    417546       7145       5385
    418568       7224       5491
    419589       7236       5468
    420612       7175       5445
    421633       7270       5466
    422654       7196       5460
    423678       7208       5472
    424700       7269       5492
    425727       7222       5482
    426746       7186       5455
    427769       7082       5370
    428791       7212       5471
    429815       7218       5468
    430837       7116       5405
    431861       7227       5480
    432883       7048       5367
    433907       7348       5558
    434930       7052       5371
    435953       7168       5423
    436974       7131       5427
    437995       7116       5419
    439020       7191       5451
    440044       7188       5443
    441066       7121       5431
    442091       7159       5438
    443117       7261       5499
    444141       7108       5394
    445161       7160       5433
    446181       7120       5413
    447201       7125       5399
    448221       7148       5429
    449246       7307       5530
    450265       7050       5368
    451287       7215       5475
    452311       7195       5468
    453336       7241       5501
    454361       7183       5435
    455383       7192       5472
    456410       7359       5579
    457428       7112       5409
    458452       7147       5422
    459475       7233       5497
    460501       7158       5400
    461524       7070       5378
    462548       7297       5520
    463573       7189       5461
    464595       7198       5459
    465619       7208       5473
    466642       7129       5397
    467668       7212       5469
    468689       7157       5418
    469714       7173       5451
    470736       7169       5444
    471757       7173       5417
    472780       7224       5504
    473804       7141       5430
    474824       7114       5392
    475847       7205       5459
    476867       7204       5438
    477891       7189       5465
    478912       7125       5394
    479933       7170       5436
    480957       7252       5505
    481976       7068       5364
    482999       7158       5433
    484021       7063       5389
    485041       7093       5340
    486066       7193       5487
    487089       7215       5476
    488112       7153       5424
    489131       7075       5381
    490156       7078       5403
    491177       7218       5458
    492199       7134       5436
    493221       7096       5389
    494241       7067       5360
    495263       7247       5488
    496288       7183       5435
    497314       7183       5477
    498334       7124       5392
    499356       7198       5443
    500379       7250       5499
    501404       7197       5460
    502424       7228       5498
    503446       7170       5431
    504467       7206       5482
    505493       7220       5457
    506515       7064       5381
    507541       7276       5492
    508562       7164       5434
    509582       7146       5444
    510606       7190       5439
    511629       7089       5373
    512651       7109       5405
    513673       7226       5484
    514698       7268       5500
    515720       7223       5493
    545164        483        366
