Time WAF
     32130   1.028298
     52173   2.611787
     62181   2.737753
     72194   2.777313
     82232   2.790956
    102275   2.792986
    112299   2.785891
    122299   2.782538
    132312   2.796007
    142313   2.787812
    152318   2.795363
    162318   2.774773
    172335   2.807909
    182345   2.782577
    192345   2.784959
    202345   2.781057
    212345   2.793982
    222354   2.793055
    242411   2.793669
    252442   2.789588
    262442   2.773326
    272448   2.786070
    282475   2.792352
    292475   2.796976
    302500   2.802836
    312520   2.793187
    322520   2.789296
